10000
1 2874
2
3
1 4208
3
1 6575
3
1 3638
3
1 7942
1 6301
1 2522
3
3
2
1 9999
3
1 5904
2
1 2850
1 9260
3
3
3
3
1 4171
2
2
1 9295
2
3
1 5436
1 5084
3
3
2
2
1 7362
1 8141
2
1 8563
2
2
2
2
2
2
2
3
1 7982
1 2277
2
3
3
2
1 7884
3
2
2
1 4337
1 554
2
2
1 3411
1 5566
3
2
3
3
3
3
1 7812
3
3
1 1162
1 9527
1 8402
1 6401
3
3
3
2
3
2
1 5283
1 2215
1 7551
3
1 464
3
1 972
3
1 523
3
2
2
3
1 7932
3
1 3156
1 4807
1 2272
2
1 1171
3
2
3
3
2
1 6375
2
1 8461
1 3828
3
1 7765
3
2
1 7595
2
2
3
3
1 5643
3
2
2
1 380
2
2
1 2307
3
3
1 169
3
1 6106
1 7428
3
1 4087
1 6023
3
3
3
3
2
3
1 3313
1 1481
1 2850
3
3
2
3
3
1 5148
2
2
3
2
1 9042
2
3
3
1 5644
2
2
3
1 7313
3
1 3099
1 1410
2
1 3425
3
2
3
2
2
2
1 4467
2
2
2
1 2292
1 5360
3
3
1 4490
3
1 7769
3
1 5989
2
3
3
2
3
1 8648
2
2
3
1 4521
3
1 8025
1 9172
2
3
3
1 224
3
1 1357
3
1 3838
2
3
1 5001
2
1 4850
2
2
1 5143
1 3380
1 5670
2
2
3
1 6726
1 6195
2
3
2
1 773
3
1 1905
2
1 8609
1 33
3
2
2
3
2
3
2
3
1 7842
1 6305
2
2
1 2459
1 6658
3
3
3
3
2
3
3
1 6326
1 4586
1 3426
3
1 3283
1 9690
3
2
2
3
3
2
3
3
2
3
1 9207
1 9239
3
3
1 4464
3
1 1387
1 287
2
3
3
1 4021
3
1 5453
2
3
1 1307
1 1939
3
3
1 6757
2
1 1143
3
2
3
1 4798
3
1 691
3
1 8152
1 2485
1 2899
1 8289
1 157
1 7992
3
1 4836
2
1 5672
1 7522
1 3233
1 1626
1 3875
3
1 974
1 9278
2
3
2
3
2
1 7117
1 5131
3
1 5810
2
1 8778
1 9607
2
2
1 5526
2
1 538
2
2
1 1355
2
3
3
3
2
3
3
2
3
1 3973
1 8050
3
3
3
1 9701
1 995
2
1 4414
3
3
1 378
1 6812
1 415
1 2410
3
2
1 6090
1 3595
1 1747
3
2
2
1 2886
2
3
3
2
2
2
1 676
3
1 8424
3
2
1 7779
2
2
3
1 8612
3
3
2
1 9485
3
1 5782
1 6974
2
3
2
1 8990
2
2
2
2
2
3
2
3
3
2
2
3
2
2
1 482
3
1 9231
1 4412
3
1 6085
2
1 4618
2
1 8857
3
2
1 1605
3
1 580
1 2994
1 1854
2
1 622
1 6538
3
3
2
1 1292
1 7298
1 3652
2
1 5841
2
1 4071
1 8793
2
3
2
2
3
1 3811
1 4708
1 5906
3
1 6028
1 5583
3
1 9209
1 3246
1 6924
2
2
3
1 150
1 7712
1 6751
1 1924
2
1 282
3
2
3
1 8765
2
1 6954
3
3
3
1 2053
3
1 5209
3
3
1 8241
2
3
2
2
3
1 8828
3
1 9617
1 1182
2
2
3
3
1 5893
2
2
3
2
2
2
3
3
3
3
1 1059
3
1 9162
2
1 110
2
3
2
3
2
2
3
2
3
2
2
3
3
3
1 4064
3
3
3
3
2
2
3
2
1 9140
2
3
3
3
1 6908
2
1 6791
2
3
3
2
2
1 4053
1 5921
2
3
3
3
2
1 8302
2
3
3
3
1 7692
1 9480
2
1 9750
3
3
2
1 8014
3
3
1 6710
2
3
1 6896
3
3
3
3
1 6033
2
1 2074
1 6986
3
2
3
2
3
1 2911
1 7844
1 4153
2
3
2
2
3
1 8086
1 6339
1 9638
1 4208
2
2
2
1 3610
3
3
3
1 698
1 6696
1 7343
3
2
1 6520
1 8346
1 1446
1 2073
3
3
1 8585
2
2
3
1 7345
1 8345
1 6443
1 9504
2
1 4811
1 9441
3
2
2
3
2
3
2
3
1 2580
1 2219
2
2
1 9744
1 561
1 1591
2
2
3
1 2135
2
2
3
3
2
1 2239
3
2
3
3
3
3
3
1 8154
2
2
1 4217
3
3
3
2
1 326
1 4392
1 8378
1 6845
3
2
1 5689
3
3
1 2489
1 5006
1 819
2
3
1 8704
2
3
1 6884
2
3
1 5689
2
2
3
1 4620
2
3
3
2
2
3
2
1 4727
3
3
1 4105
3
1 2277
3
2
3
2
2
3
2
1 6226
2
1 4572
3
2
1 751
3
1 2449
1 4595
1 5962
3
2
2
1 5923
1 2317
1 1956
3
3
3
2
2
2
3
2
2
2
1 1435
1 4134
2
2
2
2
1 5193
3
1 4036
1 7010
2
2
1 8236
3
3
1 6160
3
1 3898
3
2
3
2
2
2
3
3
2
3
1 4710
3
1 7138
2
2
1 5569
1 1149
2
2
3
1 5306
2
3
2
1 3319
2
3
1 2890
1 4613
2
2
2
3
2
3
1 3322
2
3
1 2247
1 1090
2
2
1 8107
2
1 5856
1 3259
2
3
1 250
3
2
2
3
1 7898
3
2
2
3
3
1 4955
3
2
3
3
3
3
3
1 3038
1 5831
1 9316
3
3
1 5717
1 8111
2
3
1 5671
2
1 7279
2
1 9464
2
3
1 3140
1 2016
3
2
2
3
2
1 2236
3
1 2725
3
1 6454
1 355
2
1 9342
2
1 8497
1 890
2
2
3
3
3
2
1 2617
1 4938
2
1 9232
1 2096
3
2
1 8524
2
2
2
2
2
1 6450
3
1 4610
3
3
3
3
2
2
1 9795
2
1 7303
3
2
2
2
1 803
3
2
1 3833
2
1 7498
3
2
3
1 3565
3
3
3
2
3
1 4227
1 6632
3
1 1619
3
2
1 9840
3
2
3
2
3
2
3
2
2
2
2
3
1 3670
1 4590
1 4199
1 8443
2
3
2
1 7368
1 44
1 5174
1 1112
3
2
3
3
1 2672
2
1 2844
1 1562
1 1226
1 7661
3
1 6185
3
2
2
3
1 7386
3
2
2
3
2
3
1 2312
3
1 4596
1 426
2
1 3640
1 8090
2
2
2
3
3
1 2628
1 7628
3
1 465
1 8291
1 7004
1 5748
2
3
2
1 9071
2
3
3
2
1 9967
2
3
3
3
3
1 9148
3
3
1 9302
2
2
3
2
3
3
3
3
3
1 2085
2
1 800
1 2880
2
2
3
1 8575
3
2
3
2
3
3
3
1 9651
3
1 7659
1 587
3
2
2
1 3881
1 791
1 1597
2
2
1 5557
3
1 5958
1 185
1 646
3
3
3
3
1 4791
1 8942
1 3799
3
3
3
2
2
3
1 1402
3
3
2
1 5312
2
2
1 7584
2
3
2
3
2
1 4211
1 1069
3
1 8772
1 6853
2
3
1 1831
1 2554
3
3
2
1 5393
3
3
2
3
3
3
2
3
3
2
3
1 8665
2
1 7301
3
1 4071
2
1 2659
3
3
1 7541
1 6316
2
3
2
2
1 2979
1 1593
2
2
3
2
1 4755
3
2
3
2
2
2
3
2
3
3
1 5910
3
2
3
2
1 7687
2
1 8958
2
2
2
2
2
2
2
3
1 7723
2
3
3
3
2
3
1 9685
3
1 5917
1 6913
2
2
3
1 2394
2
2
2
1 771
3
3
2
2
3
3
2
3
3
1 2231
1 7440
3
2
2
2
2
3
1 5050
1 9524
3
1 9391
3
1 6612
2
3
1 658
1 2799
3
3
3
1 1821
1 5504
2
3
2
1 8811
3
1 8447
2
2
1 2030
1 4397
3
1 9345
2
3
3
1 9022
3
2
3
1 9247
2
3
3
1 1164
3
1 3432
2
3
1 7803
2
2
1 9943
3
1 4802
3
2
2
2
2
2
2
3
1 1962
2
3
1 8077
2
3
1 2827
3
1 2500
2
2
1 2623
2
3
3
1 4603
1 1354
1 20
2
2
1 9009
3
3
1 3597
1 1981
1 1519
2
2
2
2
3
2
2
2
3
3
3
3
1 2907
2
1 5141
1 188
3
3
3
1 973
1 9863
3
3
1 267
3
1 5080
3
1 1798
1 9252
3
2
3
1 5555
1 3984
3
3
1 1179
1 9011
1 3515
1 7117
3
3
2
1 8896
3
2
2
2
2
3
1 4945
2
3
3
1 9015
1 1239
2
1 4176
3
3
2
2
1 5456
1 4784
3
1 1877
2
2
2
2
2
3
1 4043
3
1 7636
1 9979
1 1639
3
2
1 1550
2
2
1 2458
1 9642
3
2
2
1 22
2
1 4841
3
2
3
2
1 1935
3
1 2466
2
2
2
2
3
3
1 4564
2
3
1 1488
3
1 580
3
1 5446
1 7637
1 7387
1 9881
2
2
1 4991
1 3326
2
3
3
3
3
2
1 5340
2
3
1 6205
2
2
3
2
2
2
2
3
2
1 5436
3
1 5246
2
3
1 2131
1 3698
1 3116
1 6586
2
2
2
2
1 2455
2
1 2809
3
1 4242
1 7604
3
3
1 8928
1 2456
2
1 2809
3
2
3
1 4279
2
1 5453
1 9384
2
3
3
3
1 948
1 7189
3
3
1 4699
2
1 9535
3
3
2
1 6079
2
3
3
2
1 2060
3
1 400
3
2
2
2
2
2
3
2
3
2
3
2
1 2035
1 697
2
1 7901
2
2
2
2
3
2
3
2
2
3
2
2
2
1 4561
2
3
1 6302
3
2
3
1 1797
1 1650
3
3
2
2
3
3
1 5899
3
3
2
3
3
3
2
2
2
3
1 1907
1 7635
1 5536
3
3
2
1 175
1 5878
3
1 244
3
1 4579
1 2504
1 399
1 5292
1 2415
2
2
2
3
3
1 6369
1 3799
1 5589
1 190
2
1 1356
3
1 174
3
3
3
3
1 3607
1 1481
2
1 706
2
2
2
2
2
1 1361
1 525
2
2
3
1 699
2
1 1376
3
2
1 1210
1 9694
3
3
1 1773
2
1 8286
1 9411
1 7264
1 8948
3
3
3
3
3
3
1 8772
3
2
1 6871
3
2
1 5227
1 5433
2
3
2
2
2
2
2
2
2
1 7463
3
2
2
1 6087
1 1882
1 518
1 9996
3
3
3
1 4953
1 9908
3
2
1 8815
2
3
1 6503
1 4028
3
2
2
2
1 6667
3
2
1 7885
2
2
1 1813
2
2
2
1 9073
1 94
1 9498
3
1 3614
1 4811
1 9277
2
3
2
1 1903
3
3
3
1 4494
2
3
2
2
1 5967
1 3908
3
3
3
3
2
2
1 7961
3
3
3
2
1 3979
3
1 4714
1 6196
3
3
1 8462
1 1839
2
3
2
3
2
3
3
1 1165
1 8627
3
2
2
2
1 5241
3
3
1 2564
1 4480
3
1 624
3
1 981
3
3
2
3
2
3
2
3
2
2
1 1406
3
2
3
2
3
3
1 1206
1 7148
1 8027
2
1 4951
3
2
3
1 4646
2
2
1 1467
2
1 7994
3
2
1 3002
3
3
3
2
1 4808
3
1 6216
2
2
2
3
1 8812
3
2
3
1 3919
1 720
2
1 2349
2
2
2
1 987
1 7251
3
3
3
1 4961
2
1 9097
1 8935
2
2
3
1 5734
2
2
2
2
3
3
2
2
1 1062
1 3875
1 314
3
2
3
3
3
1 8600
2
1 1195
2
1 8774
3
3
2
1 927
2
2
3
2
3
2
2
3
1 6759
2
2
1 1896
1 1578
3
2
1 9008
1 6812
2
2
2
3
1 2773
1 7783
1 4366
3
3
1 2503
1 7047
3
3
3
2
1 4825
3
2
3
2
2
1 5234
2
3
2
3
2
2
2
2
2
3
3
1 1589
2
3
3
2
3
1 4771
3
2
1 8659
3
1 588
2
1 7889
2
1 8173
2
2
2
1 622
1 811
3
2
2
3
3
1 960
1 85
1 5304
1 4266
2
1 4191
3
3
2
3
1 8906
2
3
3
2
2
2
1 729
3
2
3
3
3
1 9052
3
3
2
3
3
3
3
1 4064
3
1 6697
2
3
1 7930
2
1 5599
2
2
2
3
3
1 8992
1 4713
1 5667
2
3
3
3
1 2849
2
3
1 1640
2
2
1 8140
3
1 9504
2
2
2
3
3
1 7674
1 5408
1 8757
2
1 1543
2
1 7384
3
2
1 1067
3
1 7463
2
2
3
1 9646
2
2
2
1 5982
3
1 1072
1 4884
1 7356
2
3
2
3
3
3
1 2945
2
2
1 7982
2
2
3
2
1 7690
2
1 9279
1 5645
2
1 4983
1 4866
1 206
2
2
1 7248
1 9784
3
2
2
1 8883
3
3
1 6005
3
2
2
1 854
3
3
1 7913
3
2
2
1 9474
3
3
3
1 9317
1 1341
3
3
2
2
1 224
1 593
1 7190
2
3
1 9894
2
1 9737
1 2066
1 6659
1 6935
1 1649
2
2
1 3587
3
2
2
3
3
2
1 4606
2
3
3
2
3
1 8720
3
3
3
1 8082
3
3
2
2
3
3
2
3
3
2
1 2861
3
2
3
3
3
2
2
3
1 2863
3
3
1 6051
2
2
1 3274
3
1 4371
2
1 115
1 814
2
2
3
1 9024
3
2
1 6664
3
3
3
1 6820
3
3
1 5392
1 1440
1 3457
2
3
3
1 5245
3
1 430
3
2
1 898
2
3
3
1 167
3
1 2517
3
1 921
1 9811
3
2
1 477
3
3
1 6498
1 8438
3
3
1 2297
3
1 3779
2
3
1 7365
1 9247
3
2
2
1 9756
1 4763
2
3
3
3
1 7150
2
3
1 7840
2
1 6431
2
3
3
1 3647
3
1 7490
3
1 4296
1 5039
2
1 2036
3
2
3
1 9360
3
2
2
2
3
1 3562
2
2
2
1 1123
2
2
3
3
1 2263
2
2
3
1 2305
3
1 1266
2
2
3
1 734
3
1 164
3
1 7146
1 2353
1 439
1 5809
3
1 3077
1 1352
1 9206
2
3
1 3206
1 9982
3
3
1 7996
1 9092
1 7730
2
1 8258
1 3083
1 7436
1 8714
2
3
3
3
3
2
2
1 5764
3
2
3
3
3
2
2
3
3
2
1 1085
3
2
3
1 261
2
1 6640
1 1138
1 560
1 8132
1 9235
1 7282
1 6108
2
2
3
1 9716
2
1 1008
1 6306
2
3
3
1 62
1 6602
3
1 1982
2
2
2
3
3
2
1 8634
3
3
2
3
1 3985
2
3
1 2640
1 6031
1 891
1 8859
3
1 8150
3
3
1 7753
3
2
1 41
1 4294
1 2504
2
1 6413
2
3
2
2
3
1 1362
1 3547
2
3
2
3
3
1 4648
1 6329
2
2
1 9341
3
1 7575
2
1 7371
3
3
2
3
2
2
1 9353
3
1 8366
2
2
1 5457
3
1 3194
3
2
1 4771
1 9472
1 6924
2
3
1 9621
2
1 1154
2
3
2
2
2
2
2
1 341
3
1 3430
1 9641
2
1 245
1 5951
2
2
3
2
1 5632
3
1 5577
3
2
2
3
2
2
2
3
2
1 1958
2
1 2303
1 6893
2
2
3
3
3
3
3
1 4542
3
3
1 7706
1 6113
1 1695
3
3
2
2
3
2
3
2
1 3386
1 6280
2
1 8945
2
2
1 2116
2
1 7429
3
1 7442
3
1 8871
3
2
1 8228
2
3
2
1 4413
2
1 1740
3
3
1 1473
2
3
3
1 8827
3
3
1 4375
2
1 6205
3
1 9333
3
1 9500
1 2846
1 2482
2
2
2
3
1 1637
3
3
2
3
1 6820
1 849
1 1037
2
3
3
1 1083
1 2386
2
2
3
3
3
3
3
1 7338
3
2
2
1 3830
1 5780
2
1 8718
1 4991
3
1 4593
3
1 2258
3
3
1 5736
2
3
3
2
3
3
1 4833
1 4987
2
3
1 6006
1 9089
3
2
2
1 5207
2
3
3
3
3
3
3
1 166
1 2674
2
1 8223
2
1 5985
1 3265
3
3
1 5557
1 2848
2
2
3
3
2
3
1 9233
2
2
1 2635
1 7384
3
3
1 2395
1 177
1 6698
2
3
2
2
2
1 3925
3
3
1 8297
2
2
2
2
1 7009
1 24
2
1 5145
2
1 8570
3
2
2
2
2
2
1 7264
2
1 9347
1 2877
1 4850
1 3380
2
1 7588
3
1 1115
3
1 7697
2
3
1 6267
3
2
1 4414
2
1 999
3
2
1 6428
3
1 3285
2
2
1 6848
2
3
1 2620
2
1 5598
1 5068
1 6308
3
1 8032
3
2
3
1 5626
2
2
2
2
2
1 6024
3
2
2
1 1985
3
1 1854
1 994
3
1 1736
1 1384
2
3
2
1 9774
2
3
2
1 7991
3
1 3093
3
2
1 2583
2
3
2
3
3
2
3
1 4289
2
2
2
1 3041
1 9668
2
1 753
3
2
3
2
2
2
2
3
1 6845
2
1 423
3
3
3
3
1 8348
3
1 2910
2
2
2
2
3
2
3
2
2
2
2
1 4994
1 3147
1 3182
1 8153
2
1 6926
1 8252
1 7735
2
3
3
2
1 3820
3
3
3
1 9417
2
1 904
2
3
2
3
3
1 2588
1 6009
3
2
1 6422
3
2
1 4302
3
1 9695
3
1 7696
2
3
1 9801
3
3
2
3
1 8059
1 6873
2
1 656
2
3
1 439
3
2
3
2
2
2
1 814
1 1078
2
1 2769
1 1976
3
2
1 4834
1 7748
1 8575
2
2
1 8087
3
3
2
3
3
2
3
2
2
3
2
1 8074
1 6310
3
1 8175
3
1 6500
3
3
1 578
2
1 1622
2
3
2
2
2
1 4918
1 2570
1 1764
1 8717
1 2968
1 4314
2
2
2
2
2
1 3382
2
1 4669
2
2
3
1 6721
2
3
2
1 8104
2
2
2
1 4978
3
2
1 8411
3
1 1665
1 1083
2
2
3
2
2
3
2
3
3
2
2
1 5001
1 268
3
1 3147
3
3
2
3
3
2
2
1 2180
1 774
2
1 6411
2
2
3
1 3367
1 176
2
2
3
3
3
3
2
3
3
2
3
3
3
3
1 5700
3
3
3
2
1 1540
1 3882
3
1 7853
1 8791
2
3
2
1 5985
3
1 3815
3
2
3
3
1 6484
3
3
3
2
1 1120
1 2646
2
3
3
2
3
1 7466
2
1 9429
1 9072
1 6667
3
2
1 7845
1 6804
3
3
3
3
3
3
1 8515
1 1083
3
2
3
2
2
2
3
3
1 6295
3
1 5285
3
2
1 9671
3
3
3
2
1 9875
3
2
1 1869
2
1 2526
2
2
2
3
2
1 7036
3
1 7569
2
2
3
3
3
1 7011
3
2
2
1 7155
1 7616
3
3
1 1737
1 2458
3
2
2
3
2
2
3
2
2
3
3
2
1 3295
2
1 8579
3
1 9368
2
3
2
1 8159
3
3
3
3
1 5167
3
1 5428
2
3
1 527
3
1 2000
3
1 2278
1 5637
2
1 5715
2
1 1110
2
2
3
1 289
2
3
2
1 7900
3
3
3
3
3
3
1 6729
3
1 8561
2
1 2401
2
1 9041
1 4897
2
3
2
3
3
1 6369
3
1 2756
3
1 1250
2
1 8976
3
3
1 4924
3
3
1 2726
2
1 2341
1 9609
3
1 1037
2
2
2
2
3
1 4423
3
3
2
2
1 7272
2
2
3
1 7646
2
1 6794
1 6454
3
3
2
3
3
3
3
3
1 1907
1 7334
3
2
3
1 8734
2
2
1 6851
3
2
2
1 345
3
3
2
1 98
2
2
1 9019
3
1 1222
3
2
3
1 4254
2
2
3
2
1 6309
1 2257
2
1 1763
1 7857
3
3
1 9728
2
2
1 3522
1 6303
1 5954
2
1 7923
2
1 878
2
3
3
2
1 8658
2
2
2
2
2
3
1 8329
3
1 3737
1 7009
3
2
1 1889
3
2
1 237
1 8333
3
1 1044
2
3
2
3
3
1 1502
2
3
3
2
2
1 1635
1 9392
2
3
2
1 7560
3
3
1 2323
1 8797
3
2
3
1 7881
3
2
1 6838
2
1 4580
3
2
3
1 9769
2
1 5146
1 4201
1 5631
2
3
1 1658
1 9991
3
2
1 7855
3
1 4477
2
2
2
3
2
2
2
3
1 9784
2
1 200
1 4145
1 7254
3
3
1 3931
1 6943
2
3
1 5324
3
2
2
3
3
3
3
2
1 8916
2
2
3
3
2
2
2
2
2
1 1503
1 1426
1 4603
3
2
3
3
2
3
3
3
1 9948
1 212
2
2
1 7113
1 6290
3
1 5875
3
3
1 5543
2
2
1 5233
2
3
1 3322
2
2
2
2
2
2
3
3
2
1 7299
2
2
1 6642
1 895
2
2
1 6829
2
3
3
3
3
2
3
3
1 7629
1 1075
1 4884
3
1 4091
1 1308
1 5480
3
2
2
1 5688
2
3
3
3
2
3
3
2
2
1 167
3
2
2
3
3
2
2
2
2
3
2
2
2
3
2
3
1 878
3
3
1 8153
2
2
1 8919
1 1133
1 3735
2
3
2
3
1 5934
3
1 5553
1 7667
3
2
3
2
3
3
2
1 7705
3
1 842
3
3
2
3
1 52
3
1 347
2
1 2753
1 8642
3
3
2
2
3
3
1 4995
1 64
2
3
3
1 3519
2
3
1 3678
1 5280
3
2
2
3
1 2948
1 9689
1 4728
2
2
3
1 7904
3
1 2786
2
2
1 6660
2
3
1 3838
2
3
2
1 2657
2
3
3
1 3182
3
3
1 607
1 5634
2
3
2
3
1 2449
2
2
3
1 7126
3
3
1 3904
1 231
2
3
2
1 2695
3
3
1 978
3
1 9769
1 5566
1 2196
3
3
2
1 976
2
2
2
1 8568
1 7491
3
3
3
2
3
1 2268
2
3
1 3173
3
1 5355
3
1 984
2
2
2
2
2
2
2
2
3
1 2572
3
1 7678
3
1 343
2
3
1 6031
1 4141
1 900
1 5261
1 4425
1 2977
1 5784
3
2
1 5175
1 6122
3
3
3
1 7796
1 8370
1 9877
1 8623
2
1 226
3
3
1 8154
1 269
3
3
3
1 9599
1 9303
1 3371
2
2
3
1 6816
1 6496
1 3331
3
1 103
3
1 7176
3
2
2
1 4349
1 121
2
1 2644
3
2
1 2127
2
3
1 8714
3
2
1 6288
2
2
3
2
1 7868
2
1 3371
3
1 8657
1 7020
2
3
1 5337
1 3914
2
3
2
3
3
1 4491
1 6122
1 5850
2
2
1 8781
3
1 2108
3
3
3
3
1 1073
2
2
3
3
1 2982
3
1 1261
3
3
3
2
3
3
2
3
3
3
3
2
2
2
2
3
1 2465
2
3
1 6527
1 3074
2
2
3
1 3118
2
2
1 3048
2
2
1 1273
1 2117
2
2
2
1 7836
3
3
3
3
1 5886
2
3
1 8616
1 2258
3
2
3
1 4476
2
3
2
1 401
3
1 3520
2
2
1 9679
2
1 3777
1 9067
1 2721
3
3
3
2
3
2
2
2
3
3
2
1 7235
2
2
3
2
1 9678
3
3
3
2
1 4813
2
3
2
3
3
3
1 5871
1 2163
1 4573
2
2
2
3
1 2177
1 3068
1 3001
1 2634
2
3
1 8444
3
3
3
2
3
2
2
2
2
1 6865
3
2
2
2
1 4147
3
1 7871
1 6890
2
1 9259
3
1 7444
2
3
1 2145
1 8301
3
1 4091
1 3624
2
1 1964
2
2
1 1938
2
3
3
1 2239
2
1 7484
3
3
1 4307
3
3
2
2
1 7009
2
1 3127
1 1732
2
1 6893
1 1369
2
2
3
1 8933
1 9345
2
2
1 5453
3
3
2
1 4420
1 4963
1 9752
1 9317
1 7115
3
1 7261
1 3878
2
1 3292
3
1 6631
2
3
3
2
2
2
1 7041
1 3939
2
2
2
3
1 1076
1 4787
1 2429
1 4694
2
2
3
2
3
3
1 7831
1 8177
1 7479
2
1 1199
3
2
3
3
2
3
3
3
3
1 5553
1 2188
3
3
2
1 4338
1 9148
1 2519
3
2
1 681
1 1349
1 4652
1 6722
2
1 3144
1 9337
2
3
1 5871
1 5581
3
3
1 7582
3
1 8076
1 8710
3
3
1 259
3
1 8277
2
1 4933
1 9859
2
3
1 5165
2
3
1 5221
2
3
3
1 3430
1 2425
3
3
3
1 346
1 2815
2
3
3
3
2
2
1 7602
2
3
1 5882
3
3
2
1 4028
1 8282
2
3
1 4425
1 3204
2
3
1 7697
2
1 1585
3
2
3
2
1 6230
1 5858
1 4704
3
2
2
2
1 1506
2
2
1 741
1 5300
2
3
3
2
2
1 731
2
2
3
1 3895
3
1 7958
3
1 5760
1 9794
2
1 5188
1 8225
1 1996
3
1 1188
3
1 4140
1 2737
3
3
2
3
2
3
3
2
3
2
3
2
2
1 495
3
1 4547
1 9399
3
3
1 9416
2
2
3
3
1 2193
2
1 1705
3
1 107
1 5898
1 56
2
1 3825
1 7256
2
1 6368
2
3
1 61
3
2
1 2098
3
1 4858
2
1 7385
1 4055
3
2
3
1 1567
2
1 2905
2
2
3
1 1933
3
2
1 1971
3
2
3
1 1302
3
2
2
2
2
2
2
3
3
1 6309
3
3
2
2
3
3
3
3
2
3
3
2
2
3
2
2
1 8787
1 4598
2
3
3
2
3
2
1 9517
3
1 5880
2
3
3
2
2
1 4939
1 7885
2
2
2
2
2
2
1 9395
2
1 4267
3
3
3
1 3024
3
3
2
2
2
3
2
2
2
2
1 6619
1 9596
1 1800
1 7982
3
3
1 9862
1 4274
3
1 7740
1 7663
2
2
3
2
3
2
2
2
3
2
2
1 5316
2
2
2
3
2
2
1 4011
2
3
2
1 1261
1 9394
2
3
3
2
3
2
1 3736
3
3
3
1 8614
1 3774
1 6804
3
2
2
2
1 3373
2
3
1 6405
2
3
2
1 5388
2
1 8512
1 826
2
2
2
1 5094
3
1 1476
2
3
2
2
2
1 335
3
1 6694
1 8091
3
3
3
2
1 9772
2
2
3
3
2
3
1 839
1 8844
1 9554
2
3
1 2705
1 3277
2
1 1807
2
2
1 3169
2
1 6394
2
3
3
3
2
1 4686
3
2
1 2746
3
3
2
2
3
3
3
3
3
2
2
2
2
3
1 6725
1 8681
3
1 9300
3
2
3
3
3
1 1332
3
2
2
3
2
3
3
2
2
3
3
2
2
2
1 7474
1 9023
3
3
1 9714
1 2586
3
1 8048
3
1 3467
3
1 6848
1 313
3
2
1 3923
3
3
1 730
2
2
2
2
1 4804
3
1 5813
1 7868
1 4044
2
3
1 3273
1 9443
1 8991
2
3
3
3
1 6338
2
3
1 2389
2
1 2388
1 3438
2
1 9828
1 3413
2
3
1 9224
2
1 6432
1 2776
2
2
3
2
2
2
2
3
2
1 868
2
1 305
1 8352
2
2
3
1 6493
2
2
1 2413
3
2
1 8288
3
3
1 5739
3
2
3
1 4896
1 2055
2
2
1 3914
1 646
1 91
3
1 4416
3
1 4757
3
3
2
2
3
3
3
3
1 1761
2
3
1 4991
2
1 9076
2
3
1 8080
3
2
1 6491
3
1 2946
3
1 1730
1 308
2
2
1 9433
2
3
3
1 3307
1 7710
2
3
1 5099
2
3
2
2
2
1 6237
1 8762
3
3
1 6636
1 2110
3
1 8933
3
1 7197
2
3
2
3
2
2
1 651
3
3
1 7635
1 1787
3
2
1 9639
3
1 4092
3
1 6473
1 2086
3
2
2
1 7986
1 987
1 9996
3
2
3
1 3531
2
2
1 1634
1 2302
3
1 8266
3
1 4605
1 5324
3
3
2
2
2
1 2315
2
1 6682
2
3
2
2
3
3
2
1 7388
2
1 3612
1 9573
2
3
2
1 6589
2
1 8512
1 4866
2
3
3
1 8899
3
2
3
1 4484
1 7937
1 5910
2
3
3
1 6501
3
1 6905
1 9964
1 5109
2
3
1 167
3
2
2
3
1 968
3
3
3
3
1 419
1 6378
2
1 6923
2
3
1 911
3
1 2383
1 9379
2
1 4412
3
2
1 7489
3
3
1 6517
2
2
1 9591
2
1 9407
3
3
3
1 9877
2
3
2
1 2948
1 4996
3
1 7764
3
1 7554
3
2
3
2
1 4442
2
1 3851
2
2
1 4554
3
1 6217
3
1 7802
2
2
1 4058
2
1 7143
2
1 3103
3
3
3
3
3
3
1 3173
1 8171
3
2
1 6007
3
2
2
1 5231
2
1 6136
2
1 8984
2
2
1 7077
2
3
3
1 3535
2
1 5098
1 9790
1 380
3
3
1 2218
2
2
3
2
2
2
2
2
3
2
1 530
1 6970
3
3
1 7689
3
2
1 7330
2
3
1 2087
2
3
1 9193
3
1 8177
1 6929
3
1 4189
2
2
2
3
3
2
3
1 6723
3
3
1 8004
2
3
1 9784
3
2
1 6338
2
1 3138
1 5162
2
2
3
1 1966
1 3238
2
3
2
2
2
3
3
2
3
1 68
3
1 1835
1 5315
3
2
3
2
2
3
3
1 4188
3
1 6292
2
2
2
1 982
2
3
1 4485
2
1 9629
1 2011
2
1 372
2
1 4108
1 6864
1 5870
1 3998
3
1 6139
3
3
2
3
1 7733
2
1 5514
3
1 5623
1 7065
3
1 7676
3
3
2
1 5910
2
3
3
2
3
1 2932
1 479
2
2
1 5985
1 9752
3
3
2
2
2
2
2
2
3
1 217
3
2
3
1 3843
1 4304
2
3
2
2
3
1 125
1 9219
3
3
2
1 9889
1 6740
1 7780
1 8275
1 4542
2
1 6819
1 4668
3
1 4809
3
1 3380
1 2109
1 3427
3
1 7963
2
1 1148
1 5964
2
3
2
1 2933
1 5151
1 8746
2
3
1 3481
1 4937
1 5265
2
1 4669
3
2
3
2
2
1 9145
3
1 530
3
2
2
1 2631
2
1 8778
2
1 4338
3
1 4518
1 6253
3
3
2
2
1 376
3
3
1 2491
3
1 7979
1 7897
2
3
1 3083
3
3
2
2
3
3
2
1 3442
2
1 6088
3
3
3
3
3
2
3
2
1 8201
1 135
3
3
3
2
2
2
3
3
3
2
3
3
1 2344
2
1 3997
1 2044
1 9015
3
3
2
2
1 8315
2
2
1 8746
3
2
1 8900
3
2
3
2
2
2
2
2
2
2
3
3
1 5123
3
1 7974
2
1 2260
3
2
1 7398
2
1 5519
3
3
2
2
3
3
2
1 1973
2
2
2
1 3165
3
3
3
1 6173
2
2
2
1 9891
2
1 4322
3
1 9135
2
2
3
1 1268
2
3
1 2237
3
1 2044
1 3379
2
1 652
1 9900
2
3
2
3
3
3
3
2
3
3
3
1 3495
3
3
1 5315
3
3
2
3
3
1 3718
1 163
3
2
3
1 2334
3
2
3
3
2
1 4213
1 5394
1 6096
1 5959
2
2
1 9598
3
1 8775
1 5191
3
1 3460
2
3
3
1 2232
2
2
1 4067
2
3
1 1360
1 8712
1 9449
3
3
2
2
2
3
1 5429
2
2
1 2639
3
1 462
2
3
3
1 5057
2
1 881
3
1 8785
2
1 399
2
3
3
1 9346
3
1 6923
3
3
2
3
1 6865
1 9775
2
1 9527
2
3
1 9286
1 5855
1 8579
2
3
2
1 1158
1 6271
3
2
3
1 784
1 4262
1 23
1 7510
1 1253
1 5243
3
2
2
2
2
1 2046
3
2
1 9718
3
3
1 6970
1 9188
3
2
3
2
2
1 551
1 7598
2
3
2
1 7297
1 8277
1 5694
2
1 8880
1 9912
1 3355
2
1 7197
2
2
1 4644
2
3
3
1 8244
1 9862
3
3
3
2
1 7538
3
3
2
2
1 5144
1 5796
3
2
2
3
3
2
1 5368
2
2
2
2
2
2
1 8591
2
2
3
1 9771
3
2
3
2
2
2
1 2741
1 8986
2
1 9556
3
3
3
2
3
2
3
2
3
2
1 2424
3
1 9167
2
2
3
2
1 8298
1 6775
1 6138
3
1 6861
2
3
2
1 1926
1 5316
2
3
3
2
3
3
3
3
2
1 7879
3
2
3
1 1729
2
3
3
2
2
2
2
1 4685
3
1 1366
3
3
1 7146
3
1 3278
3
3
3
3
1 9605
3
1 2856
2
1 2997
3
1 4703
1 2440
1 1889
1 8720
2
2
3
1 2912
2
3
2
3
3
1 3609
2
2
2
1 7595
3
3
3
2
3
3
2
1 5343
2
1 8431
2
1 8999
3
2
1 8445
1 8050
2
3
1 397
1 9855
2
3
1 9474
1 6116
2
2
3
3
1 7812
3
3
3
2
3
2
1 2680
3
1 3155
3
1 3104
3
1 1844
2
3
1 3550
1 9045
2
2
3
2
1 298
3
2
1 9981
2
3
1 7913
1 1445
1 3779
3
2
1 8246
3
1 995
2
2
2
1 87
2
2
1 3816
2
1 9157
2
2
1 5617
2
2
2
1 7705
1 4172
1 7637
2
2
1 9749
2
1 7908
1 2366
1 189
1 9330
3
2
2
3
3
3
3
2
2
1 9402
2
1 1767
3
1 8704
3
2
2
3
1 602
1 5083
1 5037
3
2
3
1 566
2
3
3
1 2188
1 25
2
3
1 4214
2
3
1 8193
3
2
3
1 7318
2
1 2757
1 256
3
1 5894
3
1 5347
1 2734
3
1 7863
2
3
3
1 6358
3
3
2
2
3
3
3
1 8711
1 601
3
3
3
2
3
1 6778
1 9005
3
3
2
3
2
2
2
2
2
1 256
1 9385
3
3
3
1 8031
1 5015
1 2930
1 6496
3
2
1 3062
2
1 136
2
1 5006
2
2
2
2
1 1875
3
1 8855
3
2
1 6012
3
2
2
3
2
2
3
2
3
3
3
1 6357
2
2
3
3
1 3212
3
2
3
1 2031
2
3
2
3
3
2
1 9748
2
2
1 8755
1 9047
1 9230
3
3
1 2034
2
1 5770
1 761
2
3
2
2
1 2308
2
2
2
1 5688
1 2394
1 7036
2
1 5067
3
1 3610
3
1 209
2
2
2
1 3896
1 5791
1 9282
1 3148
2
1 7248
2
2
1 8500
2
1 8511
2
1 3585
1 1508
3
1 3240
2
3
1 6244
2
1 3007
2
3
1 2618
1 3879
3
1 1804
2
2
1 3232
2
3
1 4981
3
3
2
3
3
3
3
3
3
1 315
3
1 7013
2
3
1 9343
1 6902
2
1 8128
1 5882
3
2
3
2
3
3
2
1 9716
2
1 2509
3
1 1941
1 3498
1 3165
2
1 5855
2
2
3
2
2
3
3
3
1 6742
3
3
1 1246
2
3
3
2
2
3
2
1 9858
3
2
2
1 9747
1 5063
1 3477
3
3
1 2520
2
1 2552
1 5255
2
1 5957
2
1 6096
1 7367
3
2
3
3
3
3
3
2
1 8940
3
2
1 5142
3
3
3
3
2
3
3
1 1077
3
1 1799
3
1 6417
1 5264
2
1 8691
2
1 8366
3
2
1 5346
1 2290
2
2
3
2
1 8702
2
3
2
2
3
2
1 6884
1 5941
3
3
2
3
2
2
1 1509
1 5129
2
1 276
2
2
2
1 1212
1 1785
3
3
2
1 8326
1 1447
3
3
2
3
2
2
2
1 825
3
1 146
1 3485
3
1 5180
2
2
3
1 9861
2
2
3
2
1 76
2
3
3
3
2
3
2
2
3
3
3
2
3
2
2
2
3
1 1974
3
1 7392
1 4163
3
2
2
2
1 5723
2
1 7715
3
3
3
3
3
1 4578
2
1 7339
2
2
3
3
2
3
3
2
2
3
2
2
3
3
3
2
3
1 3243
2
1 371
1 6481
1 9422
3
2
1 8028
2
1 9182
2
1 2663
3
3
3
1 9169
2
2
2
1 8931
3
1 1238
3
3
3
3
1 1924
1 5713
2
3
2
3
1 1094
1 8435
1 8538
1 1733
3
2
1 4395
2
2
2
3
2
1 9727
2
2
2
1 1932
3
1 1978
3
2
3
1 1120
3
1 3914
2
2
2
2
1 8562
3
1 7502
3
3
1 6323
2
1 5995
3
3
1 5952
2
2
2
2
2
2
1 5470
2
2
2
1 7136
3
3
3
1 3257
3
3
2
2
3
2
1 2929
1 4871
3
2
3
2
3
1 5963
1 1046
3
1 6656
2
1 3697
2
1 8653
1 9248
2
3
2
2
2
2
3
3
3
2
3
3
2
2
3
2
1 832
2
2
2
2
1 246
2
2
3
2
3
3
3
3
2
2
3
3
2
2
3
1 9877
2
2
3
3
1 4469
1 454
3
1 3054
3
1 6099
3
1 3247
3
3
1 5612
2
2
1 179
2
1 3076
3
1 1026
1 5445
2
2
1 7323
2
3
2
3
3
2
2
1 3153
2
2
2
1 2804
1 1161
2
1 5331
3
3
1 2909
1 8622
2
2
2
2
3
1 306
2
2
3
2
1 8371
2
3
3
2
2
2
3
2
1 5388
1 2924
3
1 2509
3
2
1 4707
2
1 6011
1 5132
1 8433
1 2533
3
2
3
2
3
3
3
3
3
1 7905
1 4311
3
3
1 7790
1 478
3
1 6487
1 7865
2
3
1 3548
3
1 7843
3
3
2
2
2
2
2
1 2635
1 5185
3
2
2
1 8687
1 1757
1 7867
2
2
1 1176
1 3314
2
1 9053
2
1 2823
3
2
3
2
3
2
3
3
2
1 6607
1 917
2
3
1 4273
3
2
1 8916
2
2
3
2
1 6243
1 7999
2
2
3
1 1358
1 8850
2
3
3
2
3
1 6561
1 8076
3
2
1 8778
2
2
1 3859
3
1 5004
2
2
3
2
2
2
1 6802
2
3
2
1 2893
3
2
1 3449
2
1 8946
2
2
1 1765
1 4868
3
1 2511
2
3
2
2
2
3
3
3
3
1 6858
1 5198
3
2
2
2
1 6684
1 8920
2
3
3
3
3
3
1 5181
1 7591
1 3193
2
3
3
3
3
3
3
2
2
1 5947
1 8913
1 2244
1 6293
1 5333
3
3
2
2
1 3543
2
2
3
2
2
1 9356
3
3
3
1 7546
2
3
3
3
3
1 1147
2
3
3
1 6225
2
2
2
3
2
1 7831
2
1 9641
3
2
1 8625
1 4179
1 668
1 1778
1 4726
3
2
2
2
2
3
3
1 8197
3
1 5940
1 6997
3
2
2
3
3
3
3
3
3
3
1 8490
3
3
1 3503
2
3
1 7606
1 1256
1 7606
1 3918
3
3
3
2
3
2
3
3
3
2
2
2
1 7903
2
3
1 3207
2
3
2
1 9991
1 8956
3
3
1 2175
1 3103
3
3
1 2396
3
3
1 4622
3
2
2
2
3
3
3
3
2
2
1 8438
2
1 9625
3
2
1 8101
3
1 5799
2
1 2431
1 8521
1 3232
2
1 4931
3
1 6888
2
2
2
1 2005
1 1765
1 4035
3
3
3
3
2
3
1 3175
2
2
2
2
3
2
2
2
1 6529
3
2
3
1 5971
2
3
3
1 9076
1 4288
2
1 2476
2
3
3
1 2215
2
3
3
1 711
2
2
3
2
3
3
1 1377
2
3
2
3
3
1 3340
1 1043
3
2
1 1019
2
3
3
1 7602
2
1 5747
2
2
3
1 7445
2
2
3
2
3
1 9540
3
1 9157
1 8813
1 2238
3
2
2
2
1 6035
2
2
1 5489
2
1 7087
1 7173
1 2719
1 5426
2
3
2
2
1 5511
3
3
1 2051
3
2
1 3473
3
3
2
3
2
1 5495
1 2363
3
3
1 1539
1 8799
1 3825
2
3
1 7726
2
2
2
1 397
2
1 106
2
3
2
2
3
1 8132
2
2
1 5746
1 9115
3
2
2
1 1424
3
1 4622
3
1 8688
2
2
3
3
3
1 8957
3
1 5438
3
2
2
2
3
2
2
3
1 7369
3
2
1 7034
1 1806
3
2
2
3
3
1 4035
3
3
1 1420
3
1 7927
1 4333
1 6039
3
2
1 7390
2
3
3
1 7166
2
2
2
2
3
1 4906
3
2
3
3
3
3
1 8068
3
2
2
3
3
1 6088
1 8799
1 6157
2
1 8627
2
3
3
2
1 4400
1 8308
3
3
1 6928
2
2
3
1 3239
1 1298
2
1 1250
2
1 1991
3
1 4885
3
2
1 4490
2
1 6802
2
2
3
1 9494
1 8700
2
2
2
3
1 4394
3
2
3
1 3601
3
2
2
2
3
3
1 1066
1 8587
2
1 9700
2
2
3
2
3
1 6622
3
1 3204
3
3
2
3
1 2299
2
1 4800
2
2
3
3
2
1 4663
1 9695
2
3
3
2
3
3
3
2
3
1 2630
3
2
3
2
1 9527
1 3507
3
1 3589
2
3
1 8095
1 4936
1 118
2
2
3
1 4859
3
1 6271
3
3
1 6734
2
2
3
3
1 7120
2
3
1 2631
2
1 9268
2
3
1 3813
3
3
1 2424
2
3
3
1 3638
2
3
2
3
1 5382
2
3
1 3455
1 4486
2
1 4352
3
3
1 9473
2
3
1 4120
3
2
2
1 7577
3
1 931
1 413
2
1 3530
3
2
1 2492
2
3
1 354
2
2
3
1 4821
2
3
1 7463
1 8475
1 8406
2
2
1 8045
3
1 5731
3
3
1 2155
2
3
2
2
1 6605
1 7884
2
3
2
2
2
1 7448
3
3
1 6052
2
3
2
1 1953
3
2
2
1 4327
2
1 2979
1 6691
2
2
2
3
3
1 3467
3
3
1 4879
2
1 1790
1 5470
1 139
1 3753
3
2
1 395
2
3
1 1185
2
1 2587
1 516
1 3128
2
3
1 3233
3
3
2
3
3
3
3
1 6160
3
2
1 4736
2
2
2
2
3
3
3
3
2
3
2
1 7948
1 4460
2
3
1 5558
1 9424
1 4384
2
1 4381
3
2
3
1 5986
2
1 5222
2
1 8495
1 2594
1 4470
1 5719
1 1988
3
2
2
2
3
3
1 181
1 4459
2
3
2
3
2
1 8617
2
1 9748
3
3
3
3
1 2830
3
2
3
3
1 6502
3
1 6738
1 9803
1 2377
3
1 3837
2
1 7620
2
1 8563
2
2
2
1 2943
3
3
3
3
2
2
2
2
1 4209
2
2
1 3526
3
1 1293
2
2
3
1 2396
1 102
2
3
3
1 5357
3
3
3
2
1 1285
3
3
1 6968
3
3
1 2964
2
2
1 9641
3
2
1 7411
1 2755
2
2
1 572
1 3342
3
3
1 8284
3
3
3
2
1 1832
3
1 6525
3
1 2723
2
3
1 9208
3
3
3
1 2708
1 7901
3
2
1 1073
2
2
1 1009
1 2904
1 7396
2
3
2
3
2
3
2
3
2
2
2
3
1 9927
3
2
1 3239
1 2668
3
3
1 9885
1 4600
1 5581
1 416
2
3
1 8986
3
1 957
1 5817
2
2
3
2
3
1 3219
2
2
1 4537
3
2
1 938
1 8305
1 5884
3
1 1518
1 699
1 3900
1 859
2
2
1 7803
1 6081
2
1 3051
1 9461
2
3
2
2
2
2
2
2
1 2664
3
2
2
1 1714
1 9991
2
3
1 6668
3
2
2
1 2615
2
2
1 4792
1 3653
1 4478
1 411
2
3
3
3
2
2
1 3168
2
1 651
2
3
2
1 6398
3
3
3
2
2
1 4178
3
2
2
2
1 2473
3
2
2
1 5543
1 6920
1 2591
3
2
3
1 2985
2
2
2
3
3
3
1 6736
1 3065
2
1 2771
3
1 5542
2
3
1 9416
1 8466
3
3
3
2
3
3
1 5268
3
3
2
2
1 9363
1 3746
3
1 7914
1 5910
2
1 7869
1 6500
1 209
3
3
2
1 6765
2
2
2
3
2
1 7596
3
1 1204
1 4358
3
2
2
2
3
1 1444
1 2667
3
2
1 805
3
1 5133
2
3
2
3
1 2429
1 2203
3
2
3
3
1 8819
2
1 711
2
3
2
2
2
2
1 1843
2
2
2
1 3449
1 9674
2
3
2
1 9526
1 4042
3
1 8399
1 2039
2
2
1 6951
2
1 3695
2
2
1 3374
1 3481
3
1 2607
2
3
3
1 2709
3
2
1 6391
3
3
3
2
2
3
2
1 1670
3
2
2
3
2
1 7554
1 7170
3
3
1 7246
3
1 5079
3
1 4242
1 5225
2
2
1 1379
2
1 9992
3
2
3
3
2
2
2
2
2
3
3
3
2
1 2033
2
1 7874
1 4838
1 2640
1 1370
1 1636
3
2
1 5662
2
1 1995
1 1709
2
2
3
1 9638
1 6771
1 4650
1 2146
3
3
1 2744
2
1 977
3
1 5239
2
1 560
2
1 7616
2
2
2
2
3
2
3
3
3
2
3
1 4869
3
1 310
3
2
1 2787
2
3
3
1 4782
3
3
1 4083
2
3
1 7379
2
1 4299
3
3
3
3
3
3
2
1 1786
1 2547
2
3
3
3
2
3
1 5446
2
3
3
1 2868
2
3
3
1 7084
2
1 396
2
2
1 8645
1 3254
3
3
1 2888
1 2894
1 7306
1 9312
3
2
1 8019
1 4348
1 2732
3
1 6875
1 1383
3
3
1 3330
2
2
3
1 9606
3
1 2778
3
3
2
1 8746
1 1039
2
3
1 2106
1 2021
3
1 3260
2
2
1 7112
1 21
3
2
2
2
3
2
2
1 2326
3
2
3
2
1 7032
3
1 5154
2
3
1 582
1 708
3
2
1 8782
2
1 4205
2
2
3
1 9361
3
3
3
1 6519
2
1 2922
2
2
2
1 2802
3
3
1 3241
2
3
1 8378
2
1 433
3
2
3
1 1370
3
3
3
1 4054
2
2
3
3
3
1 6393
2
2
2
2
2
1 346
3
2
3
2
1 1382
3
2
1 9035
1 5617
1 1173
1 3636
2
1 9590
2
1 5363
1 5829
3
1 6283
3
1 6277
3
1 4869
3
2
1 5718
1 3734
2
3
1 1526
3
1 5464
3
3
1 1027
1 4155
3
2
1 483
1 988
3
2
2
3
3
1 5842
2
1 1950
1 8868
3
2
3
3
3
1 70
2
2
1 3797
2
1 4136
2
1 4595
2
1 9916
1 602
2
2
1 6356
3
1 7579
3
3
3
1 8830
2
2
1 4994
3
1 4683
2
3
1 809
2
3
2
1 5052
1 4270
2
3
1 9945
3
1 4748
2
2
3
1 979
1 4717
2
3
3
3
3
1 3884
3
1 9376
2
1 3843
2
1 1684
1 8878
1 4352
3
1 6101
2
2
1 918
3
1 4396
2
3
1 2559
2
2
2
1 6200
1 407
3
3
2
3
2
3
1 8558
3
1 1002
1 2857
2
3
2
3
1 9529
2
3
2
1 1551
2
2
2
3
2
2
2
1 8818
3
3
1 8396
1 7969
3
2
1 8342
1 5156
1 2309
1 6492
1 9659
1 7109
2
1 7754
2
1 8656
1 1519
2
2
1 8706
2
2
2
3
1 7536
2
2
3
2
3
2
1 9785
1 2872
3
3
2
3
3
2
1 2653
3
3
3
2
1 6622
2
2
1 2891
3
1 3321
3
3
3
1 5612
1 8104
2
2
3
3
3
2
2
3
1 8808
2
1 1231
2
3
2
1 8148
1 1100
1 324
1 228
1 935
3
2
2
1 2112
2
2
1 9433
2
2
2
2
3
1 955
1 2662
2
2
2
1 12
2
1 6442
2
3
3
3
2
3
1 4139
3
3
1 8298
3
2
3
1 1895
1 1134
1 558
2
3
2
3
1 1605
3
2
2
1 5840
3
1 6602
2
3
2
2
1 7337
3
2
3
3
1 1331
2
3
1 4336
1 5593
2
1 848
3
2
2
1 9026
2
3
1 7392
3
2
1 9034
3
2
3
3
1 7355
1 6751
2
1 5983
1 6730
1 2104
2
1 4904
2
1 9577
2
3
2
1 2489
3
1 1511
1 6862
3
2
1 1514
1 9317
3
1 5947
2
2
3
2
1 8924
1 4916
1 1058
1 322
1 4250
2
3
3
2
3
2
2
1 213
3
2
2
3
3
2
2
1 5592
3
1 5231
3
3
2
2
3
1 8068
1 8323
2
2
2
1 4519
3
2
2
2
3
1 5270
3
3
1 7731
2
3
3
3
1 4871
2
2
1 4047
2
2
3
3
3
3
3
2
2
1 6419
1 6983
3
2
3
1 8708
2
1 4258
2
1 4556
3
2
3
3
1 7664
3
1 384
2
3
3
1 5109
3
1 1129
2
1 7443
1 498
3
3
3
2
2
1 8964
1 6072
2
2
1 1510
2
3
2
3
3
3
1 7211
1 8556
3
2
3
2
1 1220
1 6504
3
3
3
1 5797
3
2
1 438
3
3
3
1 5472
2
3
3
1 4154
2
1 8021
3
3
2
3
3
3
1 4206
3
2
2
1 4331
3
2
2
1 7356
3
1 8805
3
3
2
1 7170
3
3
3
2
3
1 8570
2
2
3
3
1 3516
1 9517
3
3
1 1376
2
3
2
1 5318
3
2
2
3
3
1 1693
3
2
1 3842
3
2
3
3
2
1 9014
3
3
3
1 3005
1 7313
2
3
3
2
1 8020
3
1 5895
2
1 5104
3
2
3
2
2
1 7136
3
2
2
2
1 6067
2
2
1 7116
1 9099
2
1 5741
2
3
2
3
1 1409
2
2
2
1 1974
3
1 485
1 7690
1 6929
2
2
3
3
2
1 4680
1 1622
2
1 140
3
2
2
3
1 4771
3
1 837
2
1 253
1 1452
3
2
3
2
2
3
2
3
1 2021
2
3
1 422
2
3
3
1 2079
3
3
3
2
2
1 3599
2
2
1 5992
2
2
1 9996
1 7149
2
1 1473
3
2
1 5816
1 7378
2
3
1 2055
2
2
1 9727
1 9439
3
1 8055
2
2
2
3
1 7675
3
3
2
1 8751
3
1 7181
3
2
3
2
2
2
1 8019
1 6733
3
1 9562
1 2846
1 9188
1 4176
3
3
1 7092
2
1 281
2
1 7105
1 5191
3
3
1 4656
2
3
2
3
3
1 7074
1 6308
3
2
3
3
2
1 4512
2
2
3
1 6760
1 8372
2
3
3
1 197
1 2024
1 1331
1 3735
3
3
2
2
3
1 8569
1 8495
1 9833
1 7507
1 3525
1 3520
1 610
2
2
3
2
3
3
2
3
1 5153
1 3658
1 6713
2
3
2
1 8650
2
3
3
1 3654
2
3
3
1 6289
3
3
3
2
3
2
1 4053
1 3149
2
1 4860
1 292
2
2
3
2
2
1 6819
1 2331
2
2
2
2
2
3
1 1050
3
2
3
3
1 1054
3
2
1 5931
3
2
2
3
3
1 3436
3
1 2350
2
3
2
3
2
3
3
2
3
3
3
3
3
3
3
3
1 2191
3
3
2
2
1 2807
3
3
2
2
2
3
3
3
3
3
3
2
3
1 4152
3
1 4523
3
1 1682
3
2
3
1 3523
3
2
2
3
2
1 2300
1 4279
1 9587
1 819
3
3
2
3
3
2
2
3
3
3
1 1062
3
2
2
3
3
1 4303
2
2
1 2612
3
1 3942
2
2
1 3233
3
2
1 7985
1 782
1 9448
1 9568
1 5590
1 1078
1 7631
2
1 978
2
1 8230
2
2
1 5588
1 8961
1 9863
3
2
1 2913
3
2
1 6435
2
2
3
2
3
1 849
3
2
1 7489
1 9605
1 9050
2
1 9990
1 3647
1 1381
2
1 4149
3
2
3
3
2
3
3
3
2
3
3
1 1499
2
2
2
1 9716
2
3
2
2
3
3
1 7804
3
2
2
2
3
2
1 5126
2
1 7123
1 8749
2
3
2
2
1 7963
1 8048
1 95
2
3
3
3
3
2
3
2
1 2187
1 4708
3
1 5118
3
3
1 3314
1 3993
3
3
2
3
3
3
3
1 2329
2
1 8760
2
1 2670
2
2
1 4197
1 8864
1 7459
3
3
1 9550
1 3439
1 845
1 1171
2
1 1273
1 8185
1 3840
1 1831
1 6478
1 4657
1 6389
3
2
2
1 8070
3
3
2
1 4905
2
3
2
2
1 5318
3
2
2
2
2
3
3
1 2020
2
3
2
1 3131
1 1836
3
2
2
1 7758
1 8620
2
1 6670
1 8752
2
2
2
3
2
3
1 5638
1 3053
3
2
1 6943
2
1 413
3
3
1 6478
1 6573
3
3
3
2
1 363
1 5280
3
3
2
1 745
1 9369
3
1 2378
2
3
1 2700
2
2
3
2
1 355
1 7687
1 4863
2
2
1 7698
3
2
2
2
2
3
2
2
1 5887
3
3
3
3
1 4586
2
3
1 8421
2
2
2
2
1 8742
1 5879
3
1 7338
2
3
2
2
2
2
2
2
3
3
1 1897
2
1 4448
1 7230
1 5259
2
2
2
3
2
2
3
2
3
1 6307
3
3
1 5491
3
3
1 5939
2
3
3
2
2
3
1 9258
1 9053
3
3
2
3
3
2
1 2809
1 3934
1 247
1 3214
2
1 4792
1 7759
1 4745
3
3
1 7891
2
3
1 2566
1 4251
3
2
2
1 7838
2
1 4573
2
2
2
1 9034
1 2289
2
1 4835
3
1 5339
2
1 973
2
1 9360
2
2
2
3
2
2
2
3
2
1 8545
3
2
1 8609
2
2
3
1 8990
3
2
3
2
3
1 5200
3
2
1 4270
1 3605
2
2
3
1 8044
1 4332
3
1 3163
1 1620
1 2890
3
2
2
2
2
3
3
1 4709
3
3
1 2443
1 9762
2
3
3
3
2
3
1 8904
2
2
2
3
3
3
2
3
3
1 3046
3
3
1 8697
2
2
3
2
3
1 5162
3
1 1766
1 3730
1 4346
2
3
2
3
1 2752
3
1 7751
1 2422
3
1 8201
1 9801
2
1 6238
2
2
3
1 4986
2
3
2
2
2
3
2
1 5188
2
2
1 1517
2
1 7856
1 7980
3
1 6837
3
3
3
1 9254
1 168
1 2484
1 8724
1 5732
1 450
1 2685
1 3941
2
1 7169
2
1 9664
1 6793
2
2
2
2
2
2
3
2
2
1 4055
3
3
1 3933
2
2
3
2
2
3
1 823
2
3
1 7671
2
2
1 4118
1 5469
2
3
3
2
3
3
3
1 4634
1 7442
1 3167
1 4112
1 9768
1 9954
3
3
1 8540
2
2
3
2
2
3
1 4706
3
3
1 4838
1 9220
1 5011
2
1 6523
1 4315
2
3
3
2
1 5566
1 2930
1 5707
3
2
2
3
1 1571
1 8939
3
1 298
3
1 2606
3
2
1 941
2
3
2
1 2863
1 190
3
2
2
3
1 8725
3
3
1 1287
1 4810
2
3
2
2
1 1733
1 4785
3
2
1 9104
2
2
3
3
1 1070
2
3
2
3
2
1 2563
2
1 4327
3
2
1 4988
2
3
3
1 2906
3
2
1 9778
3
3
1 8370
3
1 9869
2
1 2866
3
1 2356
3
3
1 1551
3
3
1 3661
2
2
1 3870
2
3
1 7958
1 1793
3
2
1 6077
3
2
1 9035
2
3
2
1 3022
1 943
2
1 9560
3
1 9525
1 5279
1 8486
1 9017
2
3
2
1 2443
1 2917
2
1 8428
3
2
3
2
3
3
1 8374
3
2
3
2
3
2
1 5005
3
3
3
1 3826
1 5569
1 4563
1 3826
1 2023
3
3
1 982
2
1 2088
1 4536
3
3
2
2
3
2
1 5556
3
2
2
1 8461
3
1 715
2
2
1 8954
2
2
3
3
2
2
2
1 7490
2
2
2
2
3
2
2
2
3
2
2
3
1 4808
2
2
1 2314
1 5090
1 4979
1 4408
1 6615
1 9221
3
2
2
2
1 3185
2
1 5435
3
2
1 1712
2
3
1 5703
2
3
3
2
2
1 6498
3
2
2
2
3
3
3
2
1 7319
1 2097
3
2
1 8252
1 5748
2
1 6248
3
2
1 2990
1 504
3
3
3
3
1 2733
3
2
2
3
1 8790
3
3
2
1 2347
2
3
2
2
3
1 5100
3
3
1 8729
3
1 3932
1 3847
1 2111
2
1 4361
1 3558
1 2877
1 2488
2
1 1686
3
2
1 2410
2
3
1 5239
1 3728
1 5799
3
1 1015
3
2
1 9468
3
1 9318
2
1 5909
2
3
3
1 4722
2
3
2
1 1046
2
1 9466
2
3
2
2
3
3
1 2268
1 8159
3
2
2
2
3
2
1 7320
1 5350
1 699
1 6779
1 692
3
2
2
3
2
1 2731
3
3
1 8469
3
3
2
3
3
2
3
1 4830
3
2
3
3
1 7474
1 7354
3
3
2
2
3
1 3258
1 3102
3
3
1 3135
2
2
3
3
1 2419
2
3
3
3
1 1635
3
1 570
2
3
2
1 2224
2
3
2
1 1694
2
2
1 2844
1 398
2
2
2
1 9958
1 1046
1 4786
1 3103
2
2
1 2079
2
3
3
2
2
3
1 4540
1 347
3
3
2
2
1 4509
2
3
3
3
2
2
1 2536
2
1 9609
3
1 8203
1 330
2
2
1 4630
2
3
2
3
1 2773
1 4926
2
3
2
2
3
2
2
1 8402
1 3297
2
3
2
2
3
2
3
3
1 7473
3
3
3
1 7416
2
3
2
3
3
2
2
1 1703
3
1 3477
3
1 6499
1 3265
3
1 5069
2
3
2
1 4689
1 848
2
3
1 9003
2
2
1 2276
3
3
1 9532
3
1 5336
1 4121
2
1 1091
3
3
1 8857
2
3
3
2
1 3543
3
3
1 7824
3
1 1544
1 3129
1 3174
1 1569
1 5200
1 3327
3
2
3
2
3
3
2
1 9437
1 3507
2
3
1 2341
1 7360
2
2
3
1 9557
3
1 6372
1 4818
2
1 5672
1 5531
1 8912
3
3
2
3
3
3
3
3
2
3
3
1 1725
1 582
1 7334
2
2
1 3417
1 1606
2
2
1 5221
1 5044
1 2051
2
3
2
3
3
1 8255
1 9170
3
1 122
3
3
1 503
1 7733
1 609
2
2
2
2
1 2428
2
2
2
1 7213
1 9192
3
2
2
2
3
2
1 6745
3
2
3
1 4876
2
1 999
2
1 2303
2
2
1 5190
3
3
2
2
2
3
3
1 4387
2
1 2352
3
1 9760
1 746
1 5415
2
2
1 4234
3
3
3
1 7424
2
1 3263
2
1 9855
1 4302
3
2
1 3694
1 2438
2
1 2673
2
1 7821
1 9433
1 7668
1 6204
2
3
2
3
2
1 3035
3
3
3
1 4136
3
1 443
2
2
1 7069
3
3
1 2082
1 7151
3
2
1 3258
1 77
1 5864
2
1 7883
1 4790
1 9469
3
3
3
3
3
3
2
3
1 7405
3
1 7724
2
2
3
2
1 7457
1 4602
1 1559
2
3
3
3
1 3443
2
3
1 5940
1 565
3
2
2
3
1 2607
1 1922
2
1 567
2
2
1 7719
3
3
3
3
2
1 6715
3
2
1 1731
1 4567
3
1 5065
2
1 6435
1 7369
3
2
1 7850
2
3
2
1 2933
1 5168
3
1 3100
2
1 2050
3
1 9553
3
2
1 2094
1 6846
2
3
3
3
1 5089
3
1 7764
3
1 7946
2
2
1 7377
2
1 9447
3
2
3
2
3
2
3
2
1 3419
3
1 9023
2
3
3
2
3
1 1849
2
1 1071
3
1 2970
3
3
1 8252
3
1 3365
3
3
1 4617
2
2
3
3
1 548
3
2
2
3
3
3
1 5513
3
2
2
1 1975
2
3
2
2
2
2
3
1 6742
3
1 7340
1 392
2
2
2
2
1 2155
3
3
2
2
1 5095
3
1 7627
1 9303
2
2
2
1 7368
3
2
1 4510
3
1 7731
2
2
2
2
2
2
3
1 6357
2
3
3
1 6133
1 413
2
3
2
1 9573
3
3
1 3485
2
1 9623
2
1 609
3
3
3
1 2130
3
2
3
2
1 5771
2
1 5568
3
2
2
3
1 9556
1 2924
3
1 2493
2
1 1286
2
1 656
2
3
2
3
2
2
3
3
2
3
2
3
1 5412
1 5724
1 4427
2
1 4625
1 3942
1 2697
2
3
2
2
1 708
1 9071
2
2
1 2149
1 915
2
1 5610
1 8250
2
1 5003
1 2943
2
1 3560
2
2
3
1 6533
2
3
2
3
3
3
3
3
2
3
2
2
3
1 44
1 3145
3
1 2094
3
1 7187
1 2219
2
1 646
1 5298
3
2
2
3
2
3
2
3
1 6873
1 5259
2
3
2
3
2
3
2
2
1 3624
2
3
1 9245
3
2
2
3
3
1 3585
2
3
3
2
1 9901
3
1 3279
3
1 5479
1 7551
1 5047
2
2
2
1 5330
1 2141
3
3
3
1 112
1 904
3
1 7503
3
3
2
3
3
1 8829
3
3
3
1 6644
3
2
1 4027
1 4457
1 4529
3
2
2
3
1 4555
2
2
1 4297
3
3
1 4039
1 8678
1 2163
1 6467
2
2
2
1 3755
2
3
1 6
2
3
2
1 7798
2
2
1 8999
2
2
2
3
1 8738
3
3
2
1 2747
1 4160
1 3676
2
2
2
1 4984
1 9406
3
2
2
1 9314
2
1 1558
2
2
1 5019
1 126
2
3
1 7386
1 5951
2
1 1329
3
1 8105
1 2823
2
3
2
2
1 958
1 3677
3
3
1 8149
3
3
2
2
2
3
1 5326
3
2
1 8359
3
3
3
3
2
3
2
2
3
3
1 3404
2
1 172
1 8946
3
2
1 7318
3
1 5163
3
2
3
1 1946
2
1 6223
2
1 1806
2
3
1 1865
3
1 6436
1 9820
2
1 2003
3
1 1267
2
2
3
3
2
1 2218
2
3
2
1 609
2
1 8877
3
1 3609
1 2015
3
1 888
2
3
2
3
2
2
3
3
3
1 3466
2
2
2
1 2585
1 5334
1 8958
1 8022
3
3
2
1 7936
3
1 9743
3
3
3
1 7158
1 2934
1 5829
2
1 490
3
1 8798
2
1 8956
3
3
2
2
1 5682
2
2
2
2
2
2
2
3
3
2
2
3
2
3
1 1032
1 7638
1 1877
3
1 5574
3
3
1 4104
3
3
1 2024
2
3
1 6900
2
3
1 6443
2
2
1 48
1 1404
3
1 3704
2
1 1541
2
2
1 1993
2
3
1 5018
1 9324
3
1 8334
3
2
1 4700
3
2
1 7290
2
2
1 6605
1 3922
2
2
2
3
2
2
1 7763
3
1 2787
2
2
3
2
3
3
1 611
1 4505
3
1 7548
1 9091
1 931
3
1 1578
3
3
3
2
3
1 9756
3
3
2
1 5143
3
1 8174
3
2
1 1221
1 8793
3
1 4672
2
3
1 8743
1 9558
2
1 5281
2
3
3
2
1 2842
2
3
2
3
3
3
2
2
1 9974
2
3
2
1 276
1 5576
3
3
1 8735
2
3
2
1 2424
1 1694
2
3
1 4227
3
2
3
3
2
2
1 2953
1 2152
2
2
1 2516
3
1 9107
1 6512
3
1 566
2
3
1 157
2
3
3
1 8049
1 1881
2
3
1 8834
3
2
1 3943
3
1 5100
1 2901
1 1792
2
3
3
3
2
1 1892
3
2
3
3
2
3
3
3
2
2
2
3
2
3
1 9524
3
3
2
3
1 3133
1 602
1 797
1 9034
3
1 3875
1 9733
3
3
3
3
2
2
2
1 86
1 5875
3
2
1 3172
2
1 1604
3
2
2
1 2657
1 5678
3
1 2554
2
1 6107
2
3
2
2
3
1 6252
2
3
1 4197
2
1 5848
1 7684
3
1 6605
1 1384
1 805
1 5027
2
1 9824
2
1 8161
1 2105
2
3
3
1 5653
2
3
1 6277
1 2197
1 4844
2
2
3
3
3
1 7709
3
2
2
2
2
2
2
1 8541
2
3
3
1 232
2
3
2
3
2
1 8624
3
1 1062
3
1 7882
2
1 7733
1 3092
3
1 5308
1 9550
1 4030
1 7325
3
1 8932
3
3
2
1 3666
3
3
3
1 7136
2
3
2
3
3
3
3
1 5475
1 3451
1 7136
2
3
1 6956
3
3
3
3
2
1 6268
2
3
1 5400
1 879
3
3
3
2
2
1 9140
1 1221
2
2
3
2
1 3040
2
3
2
3
2
3
2
1 1223
2
3
3
2
1 9197
2
3
1 7518
3
1 9271
2
2
2
3
1 8921
1 9508
3
1 4589
2
2
1 7656
1 5365
1 2325
1 919
2
1 1112
2
3
3
1 1746
1 5871
1 1032
1 1202
2
2
2
1 4641
2
1 5505
2
2
1 9088
1 7066
1 2199
3
1 8614
1 4434
3
1 2130
3
3
2
3
1 6365
1 5710
1 1469
3
3
3
1 160
2
3
3
2
3
3
1 9905
3
2
2
1 8033
3
2
2
1 2354
3
2
2
1 323
1 3132
1 167
1 1393
2
1 6948
2
1 6291
3
2
2
2
3
2
3
2
